{
  "capacities": [500, 500, 500, 250],
  "demands": [0, 12, 25, 8, 9, 10, 19, 15, 24],
  "etas": [
    [0, 36, 29, 34, 30, 34, 25, 30, 32],
    [36, 0, 40, 38, 34, 32, 32, 38, 31],
    [29, 40, 0, 31, 32, 18, 24, 21, 20],
    [34, 38, 31, 0, 36, 37, 28, 31, 15],
    [30, 34, 32, 36, 0, 15, 35, 30, 34],
    [34, 32, 18, 37, 15, 0, 21, 26, 34],
    [25, 32, 24, 28, 35, 21, 0, 28, 17],
    [30, 38, 21, 31, 30, 26, 28, 0, 23],
    [32, 31, 20, 15, 34, 34, 17, 23, 0]
  ]
}
